***** allow_numbers == T 

  median_relevance ufos.mean   sm.mean   am.mean  amd.mean prtm.mean  pdm.mean
1                1 0.3540052 0.2958656 0.1899225 0.1421189 0.5387597 0.5064599
2                2 0.3638211 0.5738482 0.1863144 0.1483740 0.7960705 0.6104336
3                3 0.3143351 0.6839378 0.2101324 0.1502591 0.8624064 0.6211860
4                4 0.2578188 0.8052180 0.2628423 0.1524874 0.9218927 0.6135148

  median_relevance   ufos.sd     sm.sd     am.sd    amd.sd   prtm.sd    pdm.sd
1                1 0.4785200 0.4567260 0.3924933 0.3493978 0.4988178 0.5002816
2                2 0.4812611 0.4946840 0.3894921 0.3555908 0.4030538 0.4878172
3                3 0.4643842 0.4650714 0.4075198 0.3574281 0.3445721 0.4852314
4                4 0.4374692 0.3960649 0.4402132 0.3595219 0.2683621 0.4869834

***** allow_numbers == F

  median_relevance ufos.mean   sm.mean   am.mean  amd.mean prtm.mean  pdm.mean
1                1 0.3540052 0.3255814 0.1899225 0.1421189 0.5439276 0.5116279
2                2 0.3638211 0.6205962 0.1869919 0.1483740 0.7987805 0.6144986
3                3 0.3143351 0.7259643 0.2101324 0.1502591 0.8618307 0.6217617
4                4 0.2578188 0.8410306 0.2630044 0.1524874 0.9225409 0.6141630

  median_relevance   ufos.sd     sm.sd     am.sd    amd.sd   prtm.sd    pdm.sd
1                1 0.4785200 0.4688947 0.3924933 0.3493978 0.4983887 0.5001880
2                2 0.4812611 0.4854031 0.3900372 0.3555908 0.4010476 0.4868785
3                3 0.4643842 0.4461555 0.4075198 0.3574281 0.3451769 0.4850872
4                4 0.4374692 0.3656772 0.4403005 0.3595219 0.2673401 0.4868318

=====> allow_numbers == F 

***** frequencies vs. on/off for ufos / prtm / pdm 

  median_relevance ufos.mean   sm.mean   am.mean  amd.mean prtm.mean pdm.mean
1                1 0.3540052 0.3255814 0.1899225 0.1421189 0.7583979 1.310078
2                2 0.3638211 0.6205962 0.1869919 0.1483740 1.2940379 2.037940
3                3 0.3143351 0.7259643 0.2101324 0.1502591 1.5342545 2.218192
4                4 0.2578188 0.8410306 0.2630044 0.1524874 1.8415168 2.453087

  median_relevance   ufos.sd     sm.sd     am.sd    amd.sd   prtm.sd   pdm.sd
1                1 0.4785200 0.4688947 0.3924933 0.3493978 0.8325683 2.090941
2                2 0.4812611 0.4854031 0.3900372 0.3555908 0.9568265 2.774200
3                3 0.4643842 0.4461555 0.4075198 0.3574281 0.9867240 2.946753
4                4 0.4374692 0.3656772 0.4403005 0.3595219 0.9772952 3.564665

***** ufos also in pt and pd 

  median_relevance ufos.q.mean ufos.pt.mean ufos.pd.mean   sm.mean   am.mean  amd.mean prtm.mean pdm.mean
1                1   0.3540052    0.6098191    0.4392765 0.3255814 0.1899225 0.1421189 0.7583979 1.310078
2                2   0.3638211    0.6151762    0.4762873 0.6205962 0.1869919 0.1483740 1.2940379 2.037940
3                3   0.3143351    0.6217617    0.4720783 0.7259643 0.2101324 0.1502591 1.5342545 2.218192
4                4   0.2578188    0.6282612    0.4628099 0.8410306 0.2630044 0.1524874 1.8415168 2.453087

  median_relevance ufos.q.sd ufos.pt.sd ufos.pd.sd     sm.sd     am.sd    amd.sd   prtm.sd   pdm.sd
1                1 0.4785200  0.4881061  0.4966199 0.4688947 0.3924933 0.3493978 0.8325683 2.090941
2                2 0.4812611  0.4867186  0.4996067 0.4854031 0.3900372 0.3555908 0.9568265 2.774200
3                3 0.4643842  0.4850872  0.4993635 0.4461555 0.4075198 0.3574281 0.9867240 2.946753
4                4 0.4374692  0.4833083  0.4986554 0.3656772 0.4403005 0.3595219 0.9772952 3.564665

***** ufos same 
  median_relevance ufos.q.mean ufos.pt.mean ufos.same.mean   sm.mean   am.mean  amd.mean prtm.mean pdm.mean
1                1   0.3540052    0.6098191     0.03488372 0.3255814 0.1899225 0.1421189 0.7583979 1.310078
2                2   0.3638211    0.6151762     0.07113821 0.6205962 0.1869919 0.1483740 1.2940379 2.037940
3                3   0.3143351    0.6217617     0.10938400 0.7259643 0.2101324 0.1502591 1.5342545 2.218192
4                4   0.2578188    0.6282612     0.10954464 0.8410306 0.2630044 0.1524874 1.8415168 2.453087

median_relevance ufos.q.sd    ufos.pt.sd   ufos.same.sd     sm.sd     am.sd    amd.sd   prtm.sd   pdm.sd
1                1 0.4785200  0.4881061    0.1836039 0.4688947 0.3924933 0.3493978 0.8325683 2.090941
2                2 0.4812611  0.4867186    0.2571427 0.4854031 0.3900372 0.3555908 0.9568265 2.774200
3                3 0.4643842  0.4850872    0.3122103 0.4461555 0.4075198 0.3574281 0.9867240 2.946753
4                4 0.4374692  0.4833083    0.3123466 0.3656772 0.4403005 0.3595219 0.9772952 3.564665

